x	y
-41.5278732976876	-37085.7832628933
-12.2676010685973	5698.69279137023
-14.5378778902814	-6247.70745704059
-46.1914246543311	-48036.7810288537
-31.2982820090838	-24925.1768525942
-14.1685949922539	83.9139300848858
-22.7856161857489	-1395.03638439113
-49.4035009115469	-52084.1913829185
-18.8221086880658	2957.06799956769
-22.8287771176547	2266.35862707918
-28.5663317150902	-4275.4762568712
-14.3976320000365	-536.078361519492
-28.6376716492232	-20202.8715352002
-38.5018297692295	-19363.7041661283
-26.2325333994813	-2573.49774278444
-42.5107620845083	-35182.1008748979
-15.8197948937304	-5090.09819572615
-17.5020199033897	-4315.23378737306
-13.5400660312735	-8418.7905892917
-38.9096274510957	-19860.0613549213
-37.1087121975143	-15653.27376901
-17.2671379668172	-5800.51322266872
-47.8946915536653	-50195.0934455781
-11.3438667529263	-6850.45848817976
-22.1088540297933	-4487.89254238447
-48.7274161358364	-53240.0521095449
-45.3721936796792	-44780.3723591362
-15.8546313068364	-1455.09847418598
-45.959609844489	-54986.2030711165
-1.61247784201987	-3946.83298125129
-2.72050414676778	9892.85416457392
-43.9578767782077	-48488.494406363
-40.7430276703089	-29066.232416993
-11.4921403646003	-6767.85706395228
-29.5453101010062	-11593.7048360271
-38.6110350240488	-26383.2326619844
-41.0944818253629	-35786.7687012072
-45.9423803549726	-49258.7129571606
-19.7303696556482	2804.37825236208
-30.4054624794517	-4938.10358680766
-44.143799321726	-41301.9404063552
-44.8282955277245	-45502.048200651
-27.1241299961694	-11140.991269424
-49.6441149676684	-62468.0106765248
-18.0498245544732	-4574.64182726389
-8.1683689833153	2341.31585609293
-42.2603104647715	-39388.3363765626
-21.1575040393509	-2740.92555745188
-27.4360682081897	-6475.67886942235
-24.3807186461054	-21540.8481202275
-43.7703865764197	-34056.4588839049
-10.6674564527348	-22.4611423053909
-34.3097362953704	-33380.5096060756
-14.5003791083582	-833.554706760401
-36.729514806997	-13476.7194586908
-34.6005325063597	-26291.5320114705
-41.5043736770749	-38775.2556030557
-27.2790526561439	-25800.2744570324
-9.20583161339164	995.869247475319
-18.2280730349012	-14930.696515173
-26.9498337067198	-14228.5752428298
-49.006228612503	-59344.3694886058
-23.2386028901674	-13579.2233941491
-12.958439656999	2730.43175697977
-20.4475029623136	-5875.04550157778
-2.7589882297907	9031.31770108671
-4.58285129931755	9948.37351307488
-35.9144022709224	-16960.5910165056
-13.3932613811921	-3609.61916564502
-16.0952337374911	-9505.54157089883
-7.81331698014401	-6831.6826474388
-7.40371783007868	-1595.44295053944
-47.9307626620866	-50124.2796162644
-16.0863356690388	-8738.72681478457
-12.1895781338681	2546.53161011948
-1.51876580924727	-8494.88222593621
-4.34118949086405	-6482.55093099992
-46.2325051410589	-41926.8548558357
-17.7708669819403	-387.25837195755
-2.24568883143365	-3407.70258555261
-36.050949893659	-19252.9191994598
-10.7740923424717	8949.25534832454
-4.04262933903374	-3215.47730108278
-21.7346641009208	-6209.46605371085
-43.8620545007288	-46387.7984462051
-24.1911963834427	-20070.948450944
-17.5911110469606	7094.14303324355
-5.57023397367448	-1732.84721563225
-16.9333952276502	1414.93935375663
-18.3460665608291	-2685.70567292291
-35.7064376710914	-22087.4707235442
-1.22345054312609	900.823683642323
-47.9911170890555	-60801.9698162699
-14.7134930256288	6403.93273353888
-16.752012217883	-10416.866130447
-38.1317110583186	-22394.0222814235
-39.0711578028277	-33872.4554261669
-14.5770201869309	-1534.10772100997
-40.5978237295058	-40934.3772757078
-1.02862582402304	-11358.0230053932
-48.7159094221424	-54835.9882123296
-6.47867591748945	-72.2253951124451
-6.80784445186146	-4909.57869905953
-4.62596361874603	-7718.90707777903
-3.93899054941721	-3608.92739340447
-35.3289601651486	-23250.7186073604
-39.8427579733543	-27411.8889475057
-14.6536794395652	10382.6907095708
-9.2715138241183	-10234.7357514438
-34.722232628148	-15513.496788653
-35.0976711139083	-16852.2834592897
-33.4486389912199	-21448.694479067
-1.57673350162804	7946.95949426975
-8.69309371709824	10022.0892223089
-15.1880677770823	8512.6942705017
-33.3467853895854	-16839.6535952252
-18.2850070646964	-2965.63711198117
-48.3745150379837	-47583.8271523162
-46.9976051012054	-48988.0210181396
-31.5900202936027	-14784.544916806
-35.8746735327877	-24042.3705920496
-36.8345330683514	-30057.75523757
-31.3917329765391	-17478.221822705
-11.3657438850496	7034.4068842817
-35.0469843065366	-24760.7626220357
-6.04653608240187	-7000.27135074289
-9.29678747500293	-10056.4804660559
-11.7030544446316	-428.875743786047
-18.4444409077987	-2128.91193362935
-24.1266484144144	-6923.57871300124
-24.6143635485787	-8014.57481331795
-26.8204028091859	-2933.46885804519
-1.83845893782564	858.301648591927
-26.4896489558741	-15796.6241258183
-47.3355052168481	-47543.4648587086
-9.33579203439876	-139.313438873129
-18.1677049060818	-183.33916101156
-37.8215828025714	-23040.773841625
-14.0618824588601	11082.7571772085
-33.7347943135537	-28820.7868459904
-41.9808288791683	-40596.165610671
-32.2846767012961	-6761.20319070721
-19.7492772738915	-4822.25127460364
-25.7574007168878	-9229.32778513383
-19.6448739985935	-2373.95041521428
-37.436369740637	-27370.321990982
-44.4614871086087	-42726.5357961292
-26.3941615808289	-8451.64549620603
-46.3649580895435	-41147.5664892254
-19.0895478301682	-3592.58253318164
-40.0396517973859	-23949.2293497454
-42.1549598793499	-40162.5323230651
-16.7028612156864	-5404.05165689787
-23.8718078671955	-15606.3269723495
-7.15135731780902	-7285.92735421319
-34.4772807213012	-11913.1442241904
-26.2701342778746	-8574.78275857436
-32.3652189054992	-13135.2344685265
-44.9895321738441	-39671.1828648027
-5.10974626475945	-734.277154087389
-3.61488377070054	-6223.9760268691
-11.7513390358072	1795.39483216077
-11.2722963744309	4526.84022740558
-29.149749266915	-19340.3568388714
-42.06586117181	-27386.0470987329
-39.3974370379001	-38875.5633599111
-7.67686335369945	-3769.85187064319
-23.4115590336733	2077.2405307883
-11.6808289021719	-1545.24603640205
-24.8127657170407	-11918.0769602973
-35.7734531711321	-33418.5239055936
-37.3678292508703	-26552.6317871899
-48.7115460387431	-62664.6425065205
-36.5398841046263	-20989.2619838304
-41.5516112917103	-37946.2796011109
-41.9331610423978	-28931.1427312694
-32.2263101721182	-31163.2311324669
-10.4268933022395	7308.21161159736
-19.0472180563956	-6335.68087082736
-10.7764926876407	-1378.32528461704
-2.31335969292559	4695.89078228138
-17.989935796475	-2823.59398951041
-46.9629059690051	-40779.9430408619
-7.8349246843718	1673.23038793623
-17.0603548064828	6817.71691698394
-35.1731157049071	-23221.0674185305
-12.0047922735102	1881.88134485033
-37.0234554500785	-30669.1136215165
-30.6991502600722	-6569.37372459185
-46.1660687695257	-49894.0753367424
-25.9446330135688	-12853.7923556567
-40.4213889930397	-26162.4265721616
-15.6390430589672	7572.63252337184
-16.9073998737149	1551.48459419612
-31.9164810297079	-9806.04464890724
-33.5705112018622	-17942.2027442218
-10.66458398127	553.654411256999
-7.35584444273263	-8985.56321619723
-28.435191098135	-8108.80085000057
-3.00283131352626	-370.719174471311
